time,x,y,z,phi,theta,psi,x_velocity,y_velocity,z_velocity,phi_velocity,theta_velocity,psi_velocity,rotor_speed1,rotor_speed2,rotor_speed3,rotor_speed4
0.06,-7.65115262946e-07,-9.07825202058e-08,10.0046614196,6.28291545748,0.000559881526969,0.0,-6.13955697519e-05,-1.569184794e-05,0.155371455396,-0.0154933375917,0.0234226260123,0.0,453.919622469637,455.79497880004635,454.02048972139323,452.7760320487939
0.12000000000000001,-2.07429264326e-05,-9.70256554504e-06,10.0159856599,6.28158701481,0.00214987561712,0.0,-0.000750521336019,-0.000409143213249,0.222091818506,-0.0407486212661,0.0320354476429,0.0,425.6602944156111,426.39677107503934,427.5380520495988,425.3810596167199
0.18,-0.000119633519956,-7.83513051466e-05,10.0331092557,6.27889822027,0.00417468812761,0.0,-0.00275505222989,-0.00214935794994,0.348662626542,-0.054520056621,0.0369664260223,0.0,445.7546736614107,446.1578337872064,445.2488714206151,444.1197539326853
0.23999999999999996,-0.000402975265668,-0.000333252208609,10.06213244,6.27572302792,0.00609066854282,0.0,-0.00695540016609,-0.00675651984471,0.618666261825,-0.0498986353318,0.0192537925218,0.0,489.15953679677307,487.83920266295996,487.40964179239586,487.75327907154406
0.3,-0.000958653958618,-0.000914216413086,10.1035078716,6.2728371393,0.00743324150167,0.0,-0.0117025053329,-0.0129260981117,0.760427094614,-0.0447216633929,0.0279851496193,0.0,449.7490901784118,450.45563650624905,450.45783478389154,450.87483615204513
0.36000000000000004,-0.00181014894089,-0.00189854885996,10.1507650014,6.27055904183,0.00903075444827,0.0,-0.0168365715868,-0.0201183713181,0.814769098004,-0.0270631131152,0.0237567714097,0.0,423.61883098053653,423.25532125306574,421.38170072255065,422.9043940442544
0.4200000000000001,-0.00304713939232,-0.00341998162842,10.2063273092,6.26915236091,0.010882971793,0.0,-0.0245951097567,-0.0307747921566,1.03712812036,-0.0170449500267,0.0422463590123,0.0,474.9390690652943,476.3551233230048,473.6973555598097,474.4669804501864
0.48000000000000015,-0.00476505296515,-0.00557008873398,10.2722368837,6.26797857871,0.0132399423729,0.0,-0.0329258842857,-0.0410089088926,1.15973603659,-0.0251455965732,0.0325785751246,0.0,444.93908013293907,444.1477407075213,446.0781656117621,445.41628274859784
0.5400000000000001,-0.00707591755361,-0.00841158874343,10.3488173295,6.26705046426,0.015023647615,0.0,-0.0443278453328,-0.0538461843902,1.39268530817,-0.000981342298101,0.0233138379925,0.0,479.77642152651794,479.07276590797494,476.8708744927419,478.713002648719
0.6000000000000002,-0.0101423178622,-0.0120682404037,10.4412326553,6.26812339857,0.0172261361461,0.0,-0.0581261781308,-0.067950586262,1.68743530507,0.0409541078513,0.0550822226444,0.0,495.7107510156812,498.0399191369986,495.1302654820847,498.205588072227
0.6600000000000003,-0.0140172267514,-0.0164620462907,10.5465063376,6.27014059314,0.0208718477963,0.0,-0.0714078852271,-0.0782598002981,1.82147943872,0.0119398979743,0.0702096733093,0.0,449.62719708523827,450.8535182160754,451.7320762088183,449.38691220533644
0.7200000000000003,-0.0186518185293,-0.0213661369256,10.654270098,6.27074351116,0.025735845552,0.0,-0.0834467172002,-0.0851582078621,1.7707179941,0.00596902683358,0.0968536595112,0.0,387.67875608627116,390.18012901124507,390.6589951243067,390.10177134639747
0.7800000000000004,-0.0242458831849,-0.0267468848111,10.7647526647,6.27097161663,0.0313977726282,0.0,-0.103636656584,-0.0941651353656,1.91179071846,-0.000929659260723,0.0888606026651,0.0,454.05788596190337,453.42356970479347,452.29735228725394,451.7413815047129
0.8400000000000004,-0.0311968646077,-0.03267353442,10.8844195477,6.27086183132,0.0364060503645,0.0,-0.12863405841,-0.103395478103,2.07679888051,-0.00369375976855,0.0696139445994,0.0,462.5248536279318,461.01194352652067,459.7310896624839,459.5120769602141
0.9000000000000005,-0.0397714674398,-0.0391599590082,11.0143662894,6.27175249718,0.0412458373712,0.0,-0.157692278287,-0.11276046507,2.25440432085,0.0376657640267,0.0966564159776,0.0,464.05607001210456,466.17854651652044,463.5196779587438,466.7585152420136
0.9600000000000005,-0.0501856582102,-0.0461737646598,11.1544671505,6.27389970686,0.04682206806,0.0,-0.190066507322,-0.120784674447,2.41527038712,0.0317369111556,0.0842148090088,0.0,462.0210681980083,461.0460319369851,460.38259146924986,459.9137815411195
1.0200000000000005,-0.0625656080885,-0.0536036824413,11.3021412509,6.27573399897,0.0517052618973,0.0,-0.223090699631,-0.126689200709,2.50697611929,0.0281329802301,0.0750311041928,0.0,440.63078597405445,439.87633908280264,440.2748189879791,439.9768686490289
1.0800000000000005,-0.0770103666954,-0.0613489199911,11.4550398874,6.27776312752,0.0559963948393,0.0,-0.25883024146,-0.131297669521,2.58943484985,0.0432771830795,0.0633643920192,0.0,437.87890236956594,436.91128813355016,437.4445636935599,438.70427864717897
1.1400000000000006,-0.0938363529449,-0.0693396072579,11.6155659211,6.2807617172,0.0601488945031,0.0,-0.302464001964,-0.134739203527,2.76100374876,0.0608095786538,0.0788837748422,0.0,465.20161593274895,466.418548866434,464.9250780454712,466.298082381147
1.2000000000000006,-0.113276445288,-0.0774615034413,11.784702882,0.000783678084737,0.0649989130872,0.0,-0.346022490838,-0.135625858423,2.87657334287,0.0316803412798,0.084470912303,0.0,449.82667073967923,450.2840546064133,450.189360397522,447.82790885959446
1.2600000000000007,-0.135287656172,-0.085578412607,11.9585481285,0.00260392421291,0.0702632995661,0.0,-0.388161446289,-0.13476442683,2.91812153985,0.0275069831509,0.0935816015103,0.0,426.17150829164643,426.9562380654147,426.8722235521582,426.51628202398194
1.3200000000000007,-0.160272246125,-0.0935961626362,12.1396806157,0.00387878483065,0.0762753727797,0.0,-0.445303927269,-0.132319534,3.11903810346,0.00420570083461,0.110924789236,0.0,475.92112834474557,477.2544973733046,476.89975879689297,475.1166016994167
1.3800000000000008,-0.188986044954,-0.101435500048,12.3348344828,0.00401203122892,0.0831045579009,0.0,-0.512618746414,-0.128970085128,3.38525431805,-0.00207852093813,0.119054026829,0.0,495.6778133139069,496.2848885181801,496.80430859159765,496.34327896573507
1.4400000000000008,-0.221858532511,-0.109074543448,12.5452595469,0.00337300892951,0.0904048871778,0.0,-0.583957806218,-0.125700537709,3.62807496929,-0.0394020723568,0.126447974361,0.0,491.24266170753805,491.8024372156524,492.45765682705684,489.6890492589248
1.5000000000000009,-0.2586850483,-0.116560264656,12.7646890304,0.000561506867404,0.0978373286986,0.0,-0.644295617061,-0.124064415729,3.68596356033,-0.0691273325432,0.11815918117,0.0,436.89048460125684,436.21299480600646,439.05696681522636,436.58204506616033
1.560000000000001,-0.299515225786,-0.124008977051,12.9899941909,6.279831929,0.10454042092,0.0,-0.717412669304,-0.124657563186,3.82364882226,-0.0584441553618,0.0939776358994,0.0,464.1657883235622,462.27431949374306,461.698277347975,462.5374217367041
1.620000000000001,-0.344537155169,-0.131563267679,13.220371977,6.27651234869,0.1100833166,0.0,-0.783822804169,-0.127463890359,3.85541529843,-0.0497263823732,0.0889841591154,0.0,430.78404147599565,430.3690458555421,430.11971373590796,430.85524791494447
1.680000000000001,-0.394198726708,-0.139381443753,13.4575918181,6.27372945846,0.115171067175,0.0,-0.872096639782,-0.133469866195,4.05112381425,-0.0404160651317,0.0747329264177,0.0,482.8115890696595,481.7403346134332,480.3484950488192,481.052935904705
1.740000000000001,-0.449015237935,-0.147601000481,13.7043148042,6.27141191306,0.119853841757,0.0,-0.955555040789,-0.14075885458,4.17243519178,-0.0352669410251,0.0839597460077,0.0,460.5227579105019,461.25664788377884,460.64291056650217,461.0492650540105
1.8000000000000012,-0.508400947222,-0.156251663201,13.95384007,6.26936125389,0.124508757735,0.0,-1.02439220035,-0.147769780919,4.14508052797,-0.0320839623055,0.060086072363,0.0,415.3110585685868,413.21664484805285,413.98504185502236,414.26447385574573
1.8600000000000012,-0.572793341622,-0.165446230256,14.2080756834,6.26799341207,0.127800490985,0.0,-1.12233795969,-0.158887692777,4.32864976522,-0.00875956083586,0.0415587093517,0.0,480.598994078626,479.1942774670327,480.44245218617414,482.207705693493
1.9200000000000013,-0.642775029254,-0.175291108458,14.4705104375,6.26772746285,0.129866445391,0.0,-1.21058444514,-0.169307234567,4.41874513354,0.00305823635865,0.0137304477719,0.0,454.20708956740447,451.9699959398278,454.43932977730213,455.38580088634086
1.9800000000000013,-0.718292032858,-0.185787838481,14.7398847525,6.26797893932,0.130887923477,0.0,-1.30668838554,-0.180550948372,4.55977307189,0.00636629066731,0.0229104230601,0.0,469.6780303564164,470.3894365237178,470.66201132848204,470.91791381788516
2.0400000000000014,-0.799123393066,-0.196897692743,15.014077317,6.26857059022,0.132137408494,0.0,-1.38781245366,-0.18973122189,4.57983242044,0.0160659746031,0.0162883841909,0.0,434.0986137698553,433.54250766490134,433.72697973624594,434.54083938985383
2.1000000000000014,-0.8855349573,-0.208620000731,15.2946269946,6.26978877451,0.133463194562,0.0,-1.49261803039,-0.20087333317,4.77095399852,0.0276570568056,0.0317256807683,0.0,485.9713851336138,487.1272289209442,486.50312728587,487.3702599439866
2.1600000000000015,-0.977541985515,-0.220908478762,15.5812004454,6.27144771124,0.134993954031,0.0,-1.57445054121,-0.208594687463,4.78137453752,0.0276327201474,0.00865178320301,0.0,433.8573213093086,431.9155371591933,433.2314487507764,433.2296144967838
2.2200000000000015,-1.07492944308,-0.233667823935,15.8716482696,6.27298949534,0.135048869465,0.0,-1.67178921662,-0.21654342111,4.8996463641,0.021512117567,-0.0228047943824,0.0,468.3119393014544,465.8584331260728,467.4490726857133,466.97189838782936
2.2800000000000016,-1.17818704503,-0.246875204784,16.1694129734,6.27403095502,0.133363050918,0.0,-1.76992637662,-0.223572501657,5.02525666079,0.00738644889517,-0.0416337149769,0.0,470.9689133664358,469.50993199556257,471.28752857911695,470.1942315854071
2.3400000000000016,-1.28635438079,-0.260420646191,16.4676466727,6.27515643041,0.130812190305,0.0,-1.83557450436,-0.227886867084,4.91634608535,0.0350995920383,-0.0443359239469,0.0,395.3938336816911,395.14352347424176,393.8262815556561,396.38182404560206
2.4000000000000017,-1.39969181944,-0.274278593132,16.7689588573,6.27728940624,0.128397345797,0.0,-1.94195624346,-0.233788101883,5.12644343998,0.0364345652152,-0.033120532435,0.0,494.5647587852933,495.3895471983762,495.7220989598112,495.82060718909
2.4600000000000017,-1.51848341044,-0.288401532109,17.0760288238,6.2797091329,0.126289229697,0.0,-2.01764219805,-0.236782359421,5.10928879484,0.0471571865436,-0.0395032911623,0.0,428.6600260309296,428.11660065259707,426.7664789457184,427.6817897350408
2.520000000000002,-1.64220651808,-0.302670950511,17.3853784897,6.28232039982,0.123907447651,0.0,-2.10621260179,-0.238589442425,5.20193101934,0.0350246435,-0.0400852427078,0.0,462.86280452229994,462.81626711563064,462.61887099713977,461.6633808635895
2.580000000000002,-1.77086544363,-0.316996756983,17.6975531745,0.0015151789691,0.121661609055,0.0,-2.18226259802,-0.238741390269,5.20387713046,0.0476289649879,-0.0325907199432,0.0,434.28789957943263,434.9154662996797,434.60118534715434,435.65735648454734
2.640000000000002,-1.90464551149,-0.331277838982,18.0146492563,0.00416014319757,0.120288268815,0.0,-2.27684754931,-0.236990989724,5.36520439534,0.0358330219007,-0.00837440009557,0.0,483.1466776677773,484.9692111908139,484.1603685932075,483.272846800759
2.700000000000002,-2.04330138069,-0.345426780505,18.3349361414,0.00655296408334,0.119788451132,0.0,-2.34505277285,-0.234459564697,5.31125044981,0.0469442353159,-0.00824222808282,0.0,418.298876707252,418.3105031689516,417.5688117733955,418.53808019877226
2.760000000000002,-2.18651615698,-0.359356557699,18.6558418873,0.00947183209852,0.118760646913,0.0,-2.42871710896,-0.229588849106,5.38521110349,0.0518530269354,-0.048225156592,0.0,460.21723802824886,457.04093611308315,458.9366332017456,459.327521923656
2.820000000000002,-2.33438290582,-0.372964867954,18.9782422717,0.012547539716,0.115763613974,0.0,-2.50000531903,-0.22376244364,5.3615928694,0.0500527565822,-0.0536448294321,0.0,429.0843362857402,428.6222256901046,428.47735064396676,428.3260319763697
2.880000000000002,-2.48670278825,-0.386147548172,19.3010793408,0.0157587647157,0.112040561617,0.0,-2.57705878315,-0.215374401856,5.39947710065,0.0596808046109,-0.0896607358261,0.0,449.8646535302665,446.93504985853997,447.51047156734893,448.2954808254831
2.940000000000002,-2.64367325377,-0.398751404082,19.6270068807,0.0188729755063,0.106564893873,0.0,-2.65481139656,-0.20442719309,5.46451847658,0.0279834712368,-0.0946685001947,0.0,457.7584360253005,457.35294512983876,457.5375870881447,455.0080782358435
3.000000000000002,-2.80514730146,-0.410655779168,19.9561904397,0.0214046782601,0.100681881579,0.0,-2.7271802818,-0.192182254533,5.50812435608,0.0613402698554,-0.10584959463,0.0,451.42625678788534,450.5147826487359,449.2299537465028,451.92798156711643
3.0600000000000023,-2.97078481593,-0.421789756248,20.287171733,0.0248700444443,0.0948968986057,0.0,-2.79361304105,-0.178629713484,5.5245842712,0.0494037497292,-0.0822165681839,0.0,441.95926520654285,443.89493099364296,442.5542883940468,441.5728054129388
3.1200000000000023,-3.14034236396,-0.432045263843,20.6193320683,0.0277767279262,0.0903870435533,0.0,-2.85795334345,-0.162956080995,5.54736967719,0.0464548714447,-0.0638713222279,0.0,444.2998395372613,445.7970795228958,444.14002295491736,443.8994941007635
3.1800000000000024,-3.31385552859,-0.441257553443,20.9546237227,0.0306848070869,0.0867978459685,0.0,-2.92549368847,-0.143847734755,5.62864701875,0.0522163145759,-0.0527510021104,0.0,462.32181373482916,463.1949115582313,462.68107076523313,463.13585811849237
3.2400000000000024,-3.49113574715,-0.449347154756,21.2921230433,0.0336499909741,0.0838797514347,0.0,-2.98366506837,-0.12554006229,5.62139307883,0.0431425404648,-0.0414664754584,0.0,435.3782231891528,436.31999133559117,436.2827129721446,435.5258589658044
3.3000000000000025,-3.67220722833,-0.456151468897,21.633193375,0.0359595286289,0.0811105287795,0.0,-3.05179554357,-0.101029568329,5.74699095995,0.0270312272655,-0.0577285085013,0.0,476.5547475245114,475.30869979685406,478.2005736569422,476.9721011294992
3.3600000000000025,-3.8569962854,-0.461584013629,21.9778069282,0.0373683137746,0.0776494196918,0.0,-3.10762568826,-0.0799192285083,5.74020219973,0.0152139518642,-0.057598614365,0.0,437.7123298406991,437.72078935103883,437.2377988079347,436.2520354537671
3.4200000000000026,-4.04508268408,-0.46573065218,22.3219097879,0.0387121771534,0.0738531661947,0.0,-3.16170064807,-0.0581972805324,5.72999074215,0.0338651598052,-0.0781173590897,0.0,436.62646136300407,434.9077235785685,435.3798304898741,436.93789401282055
3.4800000000000026,-4.23623415193,-0.468614519806,22.6636734576,0.0409254707352,0.0689403083083,0.0,-3.20976346068,-0.0377493852876,5.66254898521,0.0423351822078,-0.0907280089636,0.0,417.99787472659983,416.89120957984085,415.84207002233927,416.58425229928804
3.5400000000000027,-4.43037950883,-0.47013155353,23.0038974936,0.0433400440714,0.0636772648581,0.0,-3.26136104059,-0.0125946836361,5.6782554057,0.0356916634543,-0.0822929492894,0.0,442.5041294819924,443.1916486992994,443.66333818872727,443.11826446671563
3.6000000000000028,-4.62763349937,-0.470034412305,23.3464698036,0.045963614486,0.0584070417303,0.0,-3.31335750154,0.0160569350155,5.74058133763,0.0562643559499,-0.102227588957,0.0,458.6408654969878,457.0481740923143,456.69554963816086,458.33479226745106
3.660000000000003,-4.82791085522,-0.468170029938,23.6926255284,0.0490180315561,0.0531334652231,0.0,-3.36209925165,0.0463914996035,5.79773747169,0.0371528148092,-0.0686404570985,0.0,454.59272992010347,457.26988588391634,457.95560029039547,456.43412080187784
3.720000000000003,-5.03074816597,-0.464699919851,24.0367553293,0.0512953562659,0.0490165909063,0.0,-3.39897964666,0.0694708383789,5.67395709355,0.0395137619721,-0.0685628785898,0.0,397.39804234267143,397.4009907966725,397.4091042052815,397.6263798366815
3.780000000000003,-5.235853241,-0.459710023828,24.3754347754,0.0539790745668,0.0449875238364,0.0,-3.43763437642,0.0970793292357,5.61571251578,0.0535206299018,-0.0644686708994,0.0,417.472679406941,417.8261529062885,418.6545613270998,419.87302885865887
3.840000000000003,-5.44323367821,-0.453014688579,24.7106877943,0.0570023721475,0.041398491242,0.0,-3.4748459042,0.126365278062,5.55971830806,0.0432463849462,-0.0518458423521,0.0,416.94429761379496,418.04304761430194,419.8222652634613,418.9314143170088
3.900000000000003,-5.65293970419,-0.444328186812,25.045827148,0.0599002442121,0.0383708449992,0.0,-3.51512730313,0.163436020014,5.6113700432,0.0568546335141,-0.0478262212194,0.0,453.21141402291903,453.5328739869777,451.064025917172,452.1632129950417
3.960000000000003,-5.86485310441,-0.433624563779,25.3796736204,0.0636762668821,0.0352152238009,0.0,-3.54852386314,0.193648958028,5.51734628941,0.0729326807359,-0.0644185541255,0.0,405.5955708677879,404.10011777621594,404.9055034219172,406.3528981741673
4.020000000000002,-6.07898010348,-0.420595662453,25.7149031767,0.0682400099262,0.0322758850209,0.0,-3.58873783022,0.24108958587,5.65630589403,0.0816806966716,-0.0287441337683,0.0,476.81956558831354,479.5359363449127,478.12377094535697,478.79398207434764
4.080000000000001,-6.29543124679,-0.404715656735,26.0570525154,0.073645225644,0.030193517951,0.0,-3.62615970712,0.288736864595,5.74819242784,0.103075139005,-0.0506117792171,0.0,466.56531035395244,464.8540206096146,464.7922689252053,466.4724752075274
4.14,-6.51413567008,-0.385755814091,26.4061262908,0.0795826965488,0.0267204256288,0.0,-3.66369647368,0.343862852101,5.88688698436,0.0891038735714,-0.0792639532556,0.0,481.9182925914793,479.74497577610344,480.755913844804,479.7035101672825
4.199999999999998,-6.73487484556,-0.363828563159,26.7577292794,0.0852274399972,0.0219739654064,0.0,-3.69399173399,0.387512933652,5.83354135193,0.102522325496,-0.0787971115977,0.0,421.55477382661724,421.5897418147238,421.97011053207257,423.1350476458672
4.259999999999997,-6.95744831051,-0.33888478922,27.1096410259,0.0908995445434,0.0183184486954,0.0,-3.72480217297,0.444503666215,5.89654056424,0.0694758136859,-0.0386357517995,0.0,457.28060705635613,460.4662057180283,459.63492552524673,457.0147971150891
4.319999999999996,-7.18172227523,-0.310917602549,27.4598858687,0.0952111396012,0.0159945302462,0.0,-3.75090611223,0.488091905821,5.77889688705,0.0762439130219,-0.0389250667118,0.0,399.8350278055219,399.8077421517051,399.9240602635856,400.5447873408673
4.379999999999995,-7.40762155268,-0.279782765308,27.8081564513,0.0997313906828,0.013864249351,0.0,-3.7789134899,0.55014415327,5.82983946377,0.0734612697666,-0.0294184519201,0.0,454.39358949197754,455.15466040372485,454.0014958497312,453.78246016145704
4.439999999999993,-7.63510940831,-0.245313347349,28.1547578014,0.105113952012,0.0119709845312,0.0,-3.80394627004,0.599251345893,5.72405495188,0.110658475743,-0.0362098164981,0.0,403.5272781277634,402.91312893224097,401.98508676468526,405.34955118622105
4.499999999999992,-7.86414620577,-0.207224667899,28.5005262474,0.111202479454,0.00961451482253,0.0,-3.8304438386,0.670973166714,5.80111237077,0.0678840817928,-0.0462406209142,0.0,462.5118417178663,461.7202804009581,463.4811804844617,460.11420271005807
4.559999999999991,-8.09474601832,-0.16459360752,28.8520405195,0.115097642563,0.00700327397516,0.0,-3.85599139212,0.750412749587,5.9154124179,0.0582137784951,-0.0385723103781,0.0,472.9496516653259,473.5390583389917,475.2420362965482,474.50289395073816
4.6199999999999894,-8.32682220473,-0.117377356749,29.2081589058,0.118520587541,0.00425013796244,0.0,-3.87970819947,0.823759933491,5.95496866062,0.0546126116683,-0.067459825961,0.0,453.70516980064275,451.37800407824716,452.67315598401467,452.3853842178266
4.679999999999988,-8.56026239647,-0.0661617615417,29.5627537333,0.122431051178,0.000476104755236,0.0,-3.90141336879,0.883755845349,5.86534153438,0.0806431550877,-0.0550659883589,0.0,409.9527593691022,411.04952731073433,409.75749316589923,412.0689316470677
4.739999999999987,-8.79496280147,-0.010612552738,29.9173871026,0.127200413266,6.28007830155,0.0,-3.9216513788,0.968309398593,5.95526956479,0.0770772829941,-0.0711836280806,0.0,468.14348516052166,466.8850233861522,467.67209032113794,467.3989328269979
4.799999999999986,-9.03083487618,0.0494162127089,30.27204825,0.132128134659,6.27544995516,0.0,-3.94049059665,1.03306666079,5.86723230846,0.0906830744924,-0.0930117598056,0.0,412.5581412169763,410.62034468811544,410.36966461727854,411.5818980891141
4.859999999999984,-9.26772230972,0.114267409189,30.6278534672,0.137179257465,6.27022244054,0.0,-3.95526674808,1.12911540382,5.99227649588,0.0662087665067,-0.077392369538,0.0,477.2687762269681,478.45380950193976,479.31507399877137,477.45619442012963
4.919999999999983,-9.5054120242,0.184886558876,30.9904516043,0.141488186015,6.26612310665,0.0,-3.9673499867,1.22520417012,6.09376521674,0.0811605808575,-0.0545413361763,0.0,472.08483775019533,473.8416900011988,471.3314268457208,472.4893562975409
4.979999999999982,-9.74384610903,0.260655968267,31.3541957565,0.147147076001,6.2632386776,0.0,-3.9802568447,1.3009003288,6.03131501176,0.112449769176,-0.0375488760089,0.0,420.22444264134714,421.69355041718075,421.0528321777357,423.75934548030057
5.0399999999999805,-9.98301433687,0.341107782958,31.7145025811,0.153699901418,6.26132970804,0.0,-3.99188543094,1.38138508097,5.97907797581,0.101803435298,-0.0222924007768,0.0,423.80749277927845,425.1166135600146,425.11466413625675,424.2122997028268
